WKT

"POLYGON((590053.509643555 6645619.33984375,590133.869995117 6645636.04003906,590230.669799805 6645687.4296875,590120.629760742 6645624.36035156,590014.079956055 6645601.98046875,589979.039916992 6645609.0703125,590053.509643555 6645619.33984375))"

"LINESTRING(590053.509765625 6645619.33984375,590133.870117188 6645636.04003906,590230.669921875 6645687.4296875,590120.629882812 6645624.36035156,590014.080078125 6645601.97949219,589979.040039062 6645609.0703125,590053.509765625 6645619.33984375)"

WKB

POLYGON

"\x010300000001000000070000000000f004cb0122410000c0d5dc595941000070bd6b02224100009002e15959410000f0562d032241000080dbed595941000070425102224100001017de5959410000f0287c0122410000c07ed8595941000070143601224100008044da5959410000f004cb0122410000c0d5dc595941"

LINESTRING

"\x01020000000700000000000005cb0122410000c0d5dc595941000080bd6b02224100009002e1595941000000572d032241000080dbed595941000080425102224100001017de595941000000297c0122410000b07ed8595941000080143601224100008044da59594100000005cb0122410000c0d5dc595941"
